1014
4753
80790
5409
5176
5376
2922
6422
84791
718
22983
11012
84634
3249
8309
92291
7852
80326
55024
6332
25791
30061
89765
10878
1573
115361
57134
8416
79814
1290
2268
723790
10380
80760
22947
3606
54979
7069
160622
94240
366
4692
4166
3212
84667
973
5655
653499
2593
8612
7855
2043
84141
2274
2487
60598
5621
5121
2953
23284
10663
51560
11173
668
51191
27295
10468
1501
1843
135295
5698
10866
3303
25803
84870
100316904
2737
3200
948
2791
55698
115908
4017
2857
3620
7111
367
55076
8404
8862
142680
5154
9358
79413
9104
1580
3075
2331
5997
57111
656
183
220963
199964
11145
5321
2
362
29103
3002
9768
54361
1301
51655
10446
79170
10365
54922
22870
8698
1675
7475
3485
3790
78989
3231
10797
7022
6545
7494
3957
5806
8743
54437
4345
10417
2983
8492
10563
306
55714
83853
6414
114899
2533
4015
3006
54438
8875
6604
79098
3624
57180
2947
2731
4919
6363
4016
57402
3493
1264
3838
6373
715
5788
4674
4675
56849
84809
9068
7292
8718
8030
8424
4837
56649
10648
133
79370
3679
143379
10253
3958
10538
2999
2628
4948
10942
55040
4319
347730
57007
7125
55612
6676
11274
5021
389136
7345
1305
3001
2878
133690
4046
154043
5919
54504
10457
2020
79618
55638
7227
8836
389058
1806
23043
685
1438
4326
7364
3119
8544
11013
713
4778
1116
4332
6281
54797
4688
119587
8644
83742
915
25833
3479
349667
79365
121506
1848
8638
894
55930
27023
347902
267
10164
2535
10462
30009
84552
10673
147699
54
1281
525
79781
22981
6285
4291
80235
2199
10063
152789
134147
1462
23508
7941
85236
53832
5570
8477
1644
219285
23554
2252
79645
1515
5730
2837
1474
114884
5734
79875
79589
139818
4608
477
83872
9659
10753
4070
58512
1815
4321
10205
643834
10647
387733
4040
79838
92293
84891
5732
4494
8483
9245
597
79191
1009
18
146691
6352
5055
3383
25818
2906
147920
3625
316
7277
55273
2888
55959
128553
655
83959
79442
3003
8382
4121
84830
4232
7993
10242
9123
115701
25925
2843
51129
926
2564
116442
8778
55859
22996
7802
84217
914
7431
55176
9806
55753
9200
118932
10974
9633
57586
3316
10335
27122
65987
7421
1368
22795
548596
84206
388115
199713
23531
4239
4037
6909
23546
9518
92196
7130
79083
9770
23767
54097
23532
5008
3956
80305
79825
51421
64108
7134
26996
3512
952
5308
54463
2161
8334
8339
120224
8936
3757
57639
23414
4312
158046
3934
26873
1475
157869
253982
118429
3556
9452
84281
4118
84696
55704
9935
4599
6523
5918
22871
59345
5584
94032
4283
5783
57733
1047
84868
80150
3120
1490
6446
10643
56833
7804
55635
1805
1131
3925
2537
10451
6273
6277
56952
10659
8038
2263
80201
6387
5017
595
335
64231
112464
26298
3043
4327
23362
8082
83857
11211
85004
11178
1272
2831
59277
3936
2706
1284
29091
220
22801
57524
497190
5579
1728
4495
4493
3240
9021
2689
84302
51747
8714
6351
596
23586
558
3171
898
79745
114818
8324
79901
1545
5341
10578
56603
3233
3234
2034
57761
140885
794
150365
255758
2192
2257
1295
2850
5357
5352
7474
64332
10752
729230
11167
55752
3248
79642
56133
10409
5521
79026
5066
9547
1004
1958
1300
1303
4082
266977
8364
199
1906
8857
5420
6424
5446
64067
1080
83992
23024
9639
862
6503
54829
6019
5742
84688
1318
1536
11326
7552
2258
2273
8905
11279
984
25890
51313
8351
284654
27344
84707
8503
6280
10962
278
59352
79949
3433
5328
80763
719
9645
960
5029
716
10008
5067
8630
55008
2705
5358
79953
4745
6623
83879
3225
9369
8739
10793
5723
55365
3397
10395
79075
6750
59272
54762
51442
117289
5368
56892
57730
10149
255743
55888
10234
3201
10742
29935
84525
9022
27071
1880
84448
79844
152
27299
4852
10512
8484
1152
5125
2669
2203
275
195814
64403
29993
25878
7476
8842
4001
51761
3115
374
1363
3109
6304
8277
84419
84978
6361
3851
7157
6662
6357
3219
26022
3866
81035
241
1789
64092
5211
12
1499
27074
6622
3600
55286
84223
4744
8338
9982
11037
92304
64167
10769
64407
115265
375295
1036
5764
4613
1842
134548
2627
254910
624
56253
401097
5350
6289
151354
136306
8363
8362
3113
113802
2099
3127
5645
26002
4602
5099
7164
53405
113146
1907
4246
5450
10551
56241
26872
26256
128602
4504
2920
148979
5569
257101
219293
56256
90865
222223
6004
58472
84662
3232
81610
80342
51765
54587
57214
1602
25924
118491
29969
645431
8626
3689
81849
8433
135228
51454
203111
80217
441056
147
89932
4065
22941
25859
9332
51352
10290
23007
255783
57393
728242
161725
9510
610
8227
201456
9721
1236
7412
6920
219736
401022
777
581
2213
55824
1513
7976
122060
9891
198437
467
284716
63928
169792
23566
127943
1808
4751
26051
57602
4261
3437
5507
26509
8840
11278
54809
172
2327
50674
30818
9532
112609
2304
57535
1551
4233
79827
23584
153643
112399
4908
57699
147906
57616
4430
387066
55789
201799
79729
3215
54602
3892
7103
96626
26090
217
7545
81831
11202
642475
25907
9201
3218
27065
353141
165215
58509
771
567
51083
23015
7124
608
9074
11339
24150
5746
80896
3685
84545
6271
143098
54102
3868
154313
286046
91522
1000
1
2296
5650
149175
221002
114801
64073
7538
57690
23704
7980
284119
27198
10158
8360
94031
8777
283209
8325
54742
80704
221687
6657
203328
1299
1339
25945
91409
4318
64405
55816
24141
5013
10669
11096
3575
874
638
8344
284365
158471
84632
146330
1524
5105
259217
5324
214
1234
124056
64116
1356
56128
22936
3480
28965
85453
85409
80031
64127
81621
284904
3250
8343
148641
3118
3108
84628
2066
4139
8639
4286
140700
56164
155465
3013
54739
10875
5577
3730
10630
29094
22874
23213
55118
25960
26585
85300
3861
6279
1029
2239
2172
253152
10225
1894
1466
81706
7504
59353
26040
4935
10964
27285
26232
10998
1520
58155
3491
54206
341
57821
1959
50507
79022
83468
9071
8900
113622
3429
10202
6457
10610
84981
54478
8796
89870
2139
2261
943
6853
3170
7298
2202
3773
7367
259307
5396
29
116844
23373
57348
10267
6819
57405
2635
1263
79679
11221
57822
25805
3434
219699
219790
4316
744
220001
29842
3948
2348
54843
5502
56475
23014
161882
55808
7138
9244
27178
6772
2191
8942
5753
254773
56937
4320
57110
26577
9076
151887
399
56034
6586
4883
3012
5460
7162
3400
9723
7472
83690
312
114569
64798
55151
58499
3635
28232
80757
7058
6447
55190
2633
909
3290
23632
9213
55083
91319
84856
355
27345
1634
3764
84189
51339
7051
2200
4499
6356
3216
2124
56925
3880
27151
7137
79623
10408
3554
140578
5359
8618
961
10874
2982
27201
65997
53842
26167
3161
972
64094
3024
8368
7291
2919
1672
4982
116039
1164
10924
260293
55016
8754
5627
6696
83538
683
116328
115111
3059
139221
190
170685
56126
23037
962
115362
83540
84842
963
2104
91937
84332
83937
1809
51338
79608
51561
441631
3854
6678
22822
2012
6495
55897
1404
10381
10232
79412
1428
146802
3975
2123
9135
25984
441168
63027
23396
828
10331
56928
130576
7850
3553
3008
57419
8968
64699
201633
100506243
13
10686
6999
6423
126
51316
8838
5325
10537
23089
4885
5327
4856
4969
2619
3590
51450
83481
767
5480
1016
51237
2902
1496
84875
11170
4129
29887
51284
100133941
136853
1043
3914
127018
7805
9023
10660
219681
1755
5552
9473
586
8076
79887
25900
969
10186
7043
1138
6236
23090
6347
3909
27113
1311
388533
9595
28951
51201
6590
200958
165829
4085
8817
221357
51557
8347
8358
4050
1780
3912
23643
9920
83543
301
83657
6641
55259
392465
440712
8091
4100
8406
203547
286527
5996
387509
10265
55107
330
3359
917
4013
9415
55196
4060
83882
3820
84935
9056
55701
100506311
401847
677844
100423062
90161
6160
115703
91179
55615
3139
9284
158511
10000
5209
6656
84894
6658
2591
113730
85508
2335
4131
54209
4973
85294
23087
389692
148203
753
84168
942
92659
54532
7057
83604
63940
3017
80164
7042
1230
646960
90113
8660
55902
3778
7780
4610
8349
84304
339483
729956
100506930
151009
399949
8366
170680
54749
1021
100132247
8529
91851
339768
10346
83855
5192
100463482
54490
64170
81606
1756
57617
3992
85285
2792
3117
9182
7348
81688
79660
9976
3560
139170
254263
439951
58508
51176
1410
50805
80758
1487
55303
55655
7148
1059
401
57194
1050
1909
168544
169611
644246
147808
440934
3667
167410
50615
100290566
116496
80772
94234
150094
3963
494514
3543
4585
4616
51481
90102
57633
9112
5166
4248
26609
112703
5978
348751
6596
440461
79983
9048
2921
4897
2352
7481
26257
10297
57116
55061
9987
7060
3903
256764
4762
8110
79870
10645
168537
8577
5301
3269
1278
10021
57666
340390
6507
91543
3116
168002
124
5349
5272
94274
11065
359845
2939
101
4008
4654
6664
3627
157927
3214
51286
83637
100130557
2952
4638
3977
3196
157638
11067
57482
441204
282973
116988
55601
6288
6497
79006
3768
4583
3123
4939
1825
5455
4487
10631
3169
147341
9466
57512
100170841
57484
57823
6695
4907
3111
1948
84264
25836
6992
23493
85016
124460
64096
1296
79777
400120
64788
2128
83643
3126
79998
4481
79047
57496
81669
2668
10861
3665
285601
51278
3570
55885
634
8321
93986
340719
285971
125950
79966
56648
140690
6480
10687
27199
55839
374403
9615
5500
3213
8911
3125
53335
11346
255488
55388
284346
80023
57526
4069
100462981
55691
148170
6375
6533
55
387103
100130933
64321
6398
55150
5740
388633
100507460
378938
400618
7503
100506870
100527964
7365
100507043
100271835
9586
284739
389831
160518
339352
100505702
2697
133522
285016
55504
7755
283131
10683
11138
128408
285386
440823
145694
100132147
30812
644186
57609
375248
8507
388610
93273
342977
728215
25797
25758
4498
100506328
3045
3696
100507316
100628315
84629
1240
6091
26156
26253
392617
388125
399959
196051
100131262
100287628
219527
2303
131578
100505633
388759
27145
393078
440585
151194
92312
2899
100506687
100653245
645722
55366
100507303
283860
259266
6659
5578
114907
55916
339983
800
100526832
6540
399664
83473
100505881
126731
8111
259282
1380
11098
2272
9750
23236
8899
8693
7368
11083
55784
7837
10188
60675
22797
9052
116372
100169750
114795
100509213
653641
643911
244
80144
54757
80034
84627
115004
100506130
345557
80114
402483
100506123
441272
132430
10984
84620
153478
148418
346389
139065
10418
9911
54796
114786
388242
401233
100506305
651746
2162
57101
55130
56895
92249
100289410
9890
221806
200030
9653
342667
9590
387640
146227
100507100
3800
222171
127003
10231
9966
100505938
347688
925
6319
23657
57493
134265
80739
2903
400043
283454
441521
430
613126
2891
5955
255101
84740
399948
81704
93653
441376
140862
6327
54756
388815
164832
494143
150864
100287482
1879
1994
652995
144347
64839
133418
100288911
574036
163732
100289361
23117
284485
100505894
128344
100507372
9720
100509498
658
100132330
25816
2070
352961
100130700
730091
131873
27303
619279
60674
158158
100270746
388630
100507165
157506
223117
2119
57705
29798
727936
51480
346689
284451
80206
10522
5991
140730
58489
220441
653061
339766
389493
441666
166348
389199
642273
144195
5241
64078
339803
79884
339778
145741
163782
100132057
152078
100506689
728978
644943
100131733
3481
6189
8832
51616
29970
55872
5019
81624
57221
7099
80319
57683
3398
340542
11025
100130958
55349
387763
100131289
27319
6095
541466
84966
146325
283481
126668
91646
9736
26049
138255
1012
389023
399726
3576
7678
140733
503693
401115
100507218
53942
4045
399697
200315
10082
81671
1850
50515
